20.666667
20.666667
22.333333
16.666667
20.000000
20.666667
17.000000
14.666667
21.333333
23.333333
22.333333
21.666667
23.000000
20.333333
22.000000
21.666667
20.333333
20.000000
20.000000
21.666667
18.333333
22.666667
21.000000
21.000000
23.000000
20.333333
19.333333
19.000000
19.000000
21.333333
22.666667
22.333333
21.000000
20.666667
20.666667
20.666667
17.666667
20.000000
16.333333
21.666667
21.666667
22.666667
20.333333
20.666667
22.333333
20.333333
19.666667
21.333333
20.666667
20.333333
21.333333
22.333333
20.333333
21.666667
18.333333
18.000000
18.000000
19.666667
20.666667
21.333333
22.666667
22.666667
22.666667
20.333333
20.333333
18.333333
21.000000
22.333333
18.000000
21.333333
22.666667
20.333333
21.000000
21.333333
23.000000
19.000000
19.666667
20.333333
20.666667
19.666667
18.333333
21.333333
20.666667
20.000000
21.000000
20.333333
20.666667
19.333333
21.000000
20.333333
21.666667
20.000000
21.333333
19.666667
22.333333
22.666667
22.666667
21.666667
23.333333
21.000000
21.000000
20.333333
22.333333
20.333333
21.333333
19.666667
22.000000
21.000000
21.666667
21.000000
23.333333
